[array([[-1.32217899e-01,  5.12170643e-02, -4.95956630e-01,
        -5.41876890e-02, -5.96930906e-02,  4.81788293e-02,
        -2.58310102e-02, -1.13304950e-01],
       [-8.05054158e-02,  3.79389003e-02, -4.11584377e-01,
         6.57780468e-02,  2.95385867e-01,  3.15727711e-01,
        -5.76263629e-02,  1.03668757e-01],
       [ 5.98208513e-03, -5.44656776e-02, -3.45054775e-01,
        -1.35271862e-01,  5.40498137e-01,  3.26900452e-01,
         1.13809958e-01, -3.23136568e-01],
       [ 9.60391983e-02, -5.06076515e-02,  2.08505124e-01,
        -1.84931800e-01,  2.43214846e-01, -1.43317938e-01,
         2.31836550e-02, -3.59571338e-01],
       [-1.01991379e+00,  4.36999172e-01,  5.89573123e-02,
         1.07916534e+00,  1.39574289e-01,  9.24710184e-02,
        -8.93953741e-02,  1.16738819e-01],
       [-5.18494099e-02, -6.18632790e-03, -4.60753553e-02,
        -4.95211333e-02, -2.36616135e-02, -2.64347345e-02,
        -4.85769883e-02,  6.88858777e-02],
       [-1.93266779e-01, -4.58126292e-02, -7.60577917e-01,
        -2.01589942e-01,  2.48772278e-03,  3.34453642e-01,
        -6.12997971e-02, -6.90209121e-02],
       [-1.18075304e-01, -5.82138374e-02, -5.28828800e-01,
         4.82376814e-02,  2.08759978e-01,  2.06475466e-01,
        -9.78488401e-02, -4.07686792e-02],
       [ 3.02748904e-02,  4.63980287e-02,  2.17505498e-03,
         5.32085337e-02,  6.84513092e-01,  3.33915174e-01,
         1.41606942e-01, -4.41332132e-01],
       [-7.07383826e-02, -4.00796495e-02,  1.89199150e-01,
        -2.68026087e-02,  2.31283829e-01, -1.27385855e-01,
        -3.43128457e-03, -3.65202397e-01],
       [-1.30408227e+00,  8.53552461e-01, -1.24824494e-01,
         6.97251737e-01,  1.21140324e-01,  6.51788041e-02,
        -3.33866552e-02, -6.27912879e-02],
       [-6.95443153e-02,  3.87429073e-02,  2.49783527e-02,
         2.35495090e-01, -4.95091714e-02, -4.41872515e-03,
        -6.10978045e-02,  2.09876508e-01],
       [-6.28948510e-02, -1.30422473e-01, -7.41363585e-01,
        -2.65868038e-01,  1.73488081e-01,  5.73982418e-01,
         6.66035758e-03, -1.04450166e-01],
       [-8.03716406e-02, -8.22680537e-03, -5.79379678e-01,
        -7.69466683e-02, -1.41266696e-02,  8.83041248e-02,
        -1.63946852e-01, -1.04668858e-02],
       [ 1.25065548e-02, -2.12639466e-01,  2.06600726e-01,
         2.10300863e-01,  6.92892075e-01,  2.42394343e-01,
         8.89424458e-02, -6.76148474e-01],
       [-6.34907931e-02, -1.17209896e-01,  4.41911034e-02,
        -5.49960807e-02, -2.56665587e-01, -1.90914825e-01,
        -3.85020487e-02, -1.51772857e-01],
       [-9.68052208e-01,  8.28532279e-01,  2.47595739e-02,
         9.52398479e-02,  1.93750598e-02, -5.72305098e-02,
        -7.85987228e-02,  4.87151556e-02],
       [-7.29751512e-02,  7.95938596e-02,  7.13829622e-02,
         6.08568974e-02,  1.11383405e-02, -5.27939433e-03,
        -1.97248310e-02,  1.14003450e-01],
       [-1.95212752e-01, -1.78428143e-01, -7.24303126e-01,
         6.47121817e-02,  1.82437792e-01,  7.86165237e-01,
        -1.28442422e-02, -8.41303542e-02],
       [-1.25337765e-01,  3.20165642e-02, -6.21709287e-01,
        -1.64971262e-01,  9.20619629e-03,  1.51527569e-01,
        -1.21018559e-01,  8.83651245e-03],
       [ 9.29244906e-02, -3.91262174e-02,  2.85396963e-01,
        -9.84669775e-02,  7.24289536e-01,  1.53688997e-01,
         1.35634795e-01, -7.75883198e-01],
       [ 1.36604048e-02, -8.93834010e-02,  1.15757123e-01,
         1.35540143e-01, -3.15074116e-01, -1.50457248e-01,
        -2.37010010e-02,  7.56619573e-02],
       [-5.10802507e-01,  8.21117818e-01, -2.27809355e-01,
        -2.94357806e-01, -1.14806361e-01, -1.48735851e-01,
         3.84856090e-02, -7.92549998e-02],
       [-7.69994780e-02,  3.09574995e-02,  6.95519149e-02,
         4.99188453e-02,  1.11367805e-02, -3.05405799e-02,
        -1.06884930e-02,  5.88207208e-02],
       [-2.20348746e-01, -1.74979851e-01, -7.37667263e-01,
        -4.73056734e-02,  1.43535092e-01,  7.79853046e-01,
         1.62430927e-02, -3.48972604e-02],
       [-5.81412241e-02, -5.37510589e-03, -5.67405522e-01,
        -7.51938894e-02,  3.59157138e-02,  1.77444160e-01,
        -8.82230699e-02,  1.12750411e-01],
       [ 7.77879581e-02, -1.10832810e-01,  4.89732504e-01,
         1.47784397e-01,  6.70400202e-01,  1.33960053e-01,
         1.52444720e-01, -8.38101387e-01],
       [ 3.41074951e-02, -1.04786314e-01,  1.64489105e-01,
         2.66172111e-01, -3.47825855e-01, -1.63207889e-01,
        -7.79587356e-03,  1.90443709e-01],
       [-1.24081299e-01,  1.15347373e+00, -4.92459396e-03,
        -7.26034701e-01,  1.28995674e-03, -1.68316543e-01,
         1.47817701e-01,  8.04083273e-02],
       [-9.44678411e-02, -2.81413123e-02,  1.86934713e-02,
        -7.42004141e-02, -2.39127725e-02, -9.50138420e-02,
        -3.73767596e-03, -1.86313540e-02],
       [ 3.32927145e-02,  1.61909666e-02, -3.62068295e-01,
        -1.17006719e-01,  2.07661465e-01,  8.26067030e-01,
         1.56139553e-01,  8.09523761e-02],
       [ 8.56644809e-02,  7.93281570e-02, -3.09226274e-01,
         1.57414116e-02,  9.45267975e-02,  1.78000733e-01,
        -9.17132348e-02,  1.88399762e-01],
       [-6.01798370e-02, -2.12488100e-01,  3.30564529e-01,
        -2.30951868e-02,  4.71308619e-01,  5.34969680e-02,
         3.18604372e-02, -9.10537839e-01],
       [ 6.69007674e-02,  2.09073983e-02,  1.64662257e-01,
         1.31023899e-01, -1.27901569e-01, -7.82966390e-02,
         7.49155134e-02,  1.84742644e-01],
       [ 2.44958252e-01,  1.09951484e+00, -1.04081715e-02,
        -9.48831916e-01,  1.25179082e-01, -3.61814648e-02,
         3.17122698e-01,  2.47293875e-01],
       [-1.31980374e-01,  1.13140121e-02, -6.33809641e-02,
        -2.04463005e-01, -7.70048350e-02, -4.15000953e-02,
        -1.25400880e-02, -4.45358753e-02],
       [ 2.13529706e-01,  1.69486091e-01,  1.33022442e-01,
         9.32899192e-02,  2.62010753e-01,  6.85064912e-01,
         2.65532970e-01,  1.13685854e-01],
       [-4.31936122e-02,  8.01390931e-02, -2.89501756e-01,
        -2.52920575e-02,  6.67603165e-02,  1.53374627e-01,
        -1.77507102e-01,  1.68909237e-01],
       [ 2.78092716e-02, -1.17415100e-01,  5.30034363e-01,
         2.02524345e-02,  3.62886339e-01, -1.93773359e-02,
         1.78633407e-01, -7.19136596e-01],
       [ 1.08893014e-01,  8.07697102e-02,  2.22165495e-01,
         3.11718047e-01, -3.95735465e-02, -1.61576681e-02,
         8.56667832e-02,  1.73362017e-01],
       [ 3.45700071e-03,  1.47781587e+00,  1.02731653e-01,
        -1.62720871e+00, -4.84240428e-02, -1.94474071e-01,
         2.57042170e-01,  1.54600546e-01],
       [-7.03143422e-03, -1.23633789e-02,  3.91398482e-02,
        -6.37556091e-02,  2.16759406e-02, -2.25800183e-02,
        -9.11984500e-03,  3.82903367e-02]], dtype=float32), array([-0.1912529 , -0.3902079 ,  0.04374873, -0.06397087, -0.38471085,
       -0.24939916,  1.7682575 ,  0.16093107], dtype=float32), array([[-0.8454547 ,  1.2295998 , -0.36291668, -1.4724141 ],
       [-0.54574776,  1.511554  ,  0.05098469, -0.94942   ],
       [-0.2427401 , -0.91878515, -0.0219529 ,  0.7441744 ],
       [ 0.01095745,  1.0968391 ,  0.1286507 , -0.909236  ],
       [ 0.00270464, -0.04118016, -1.2209897 ,  0.02592202],
       [-1.2058805 , -1.199172  ,  0.2513796 ,  0.3563261 ],
       [ 0.5557888 , -1.3163129 ,  0.25073668, -0.55226254],
       [ 0.33592713, -0.44498828, -0.68377227,  0.7861547 ]],
      dtype=float32), array([ 0.25756082, -0.9205428 ,  0.90358555, -0.47374803], dtype=float32)]