[array([[ 9.55318451e-01, -1.50463030e-01,  1.67121738e-02,
        -6.75353646e-01, -8.03346157e-01,  2.36707598e-01,
        -1.96588963e-01,  1.40476957e-01],
       [ 1.61048993e-01,  3.22062194e-01, -8.62645030e-01,
         3.80847842e-01,  2.17192154e-02,  1.03721153e-02,
         1.21586657e+00,  1.97557613e-01],
       [-2.39212096e-01,  1.97162613e-01, -3.55575532e-02,
         1.28418565e+00,  3.26562487e-02,  3.37359875e-01,
         7.94367790e-02, -1.65785086e+00],
       [-3.61587442e-02,  3.13372880e-01,  1.03812352e-01,
        -1.22409211e-02, -5.69922626e-01,  4.55964403e-03,
        -1.82537347e-01,  9.50050727e-02],
       [-8.75339061e-02,  4.10784520e-02,  1.31026376e-02,
         6.79231808e-02, -1.15336969e-01, -8.08562189e-02,
        -5.48992120e-02, -5.37541620e-02],
       [ 6.19656704e-02,  5.94095886e-02, -3.80119644e-02,
         7.12224003e-03, -1.80681095e-01, -3.85876223e-02,
         1.04424413e-02, -1.19930198e-02],
       [ 1.70690644e+00, -1.02204716e+00, -2.47279018e-01,
        -1.05468369e+00, -1.37298620e+00, -2.25438047e-02,
        -4.19065535e-01, -3.94572057e-02],
       [ 1.62271693e-01, -5.19159883e-02, -1.34424317e+00,
        -1.72940299e-01, -1.12541849e-02,  2.37704292e-02,
         1.07020652e+00,  1.11870572e-01],
       [-3.22540879e-01, -1.20270208e-01, -1.92746073e-01,
         1.53216410e+00, -7.19869733e-02, -6.90452397e-01,
         1.22902125e-01, -1.40988731e+00],
       [ 1.88834611e-02,  3.06325048e-01,  6.96893409e-02,
        -2.24040560e-02, -7.60094345e-01,  1.23396004e-02,
        -1.58382341e-01,  7.47754276e-02],
       [-2.25444864e-02, -7.09909648e-02, -9.68998522e-02,
         2.50809221e-03,  7.71011338e-02,  2.04070751e-02,
         7.20381513e-02,  2.39671376e-02],
       [ 9.63495523e-02,  5.93112558e-02, -1.41207641e-02,
        -1.64743059e-03, -4.08477187e-01, -9.35058445e-02,
        -1.22027369e-02,  9.62740835e-03],
       [ 1.34314334e+00, -8.44194412e-01, -3.58837098e-02,
        -9.83353317e-01, -4.86752480e-01,  2.50099301e-01,
         8.37449450e-03,  2.34858483e-01],
       [ 1.13532722e-01, -1.58845037e-01, -7.62003779e-01,
         1.79450348e-01, -2.56584167e-01, -1.47811798e-02,
         5.20853817e-01, -2.10599810e-01],
       [-1.41029045e-01,  1.01025432e-01, -1.01639807e-01,
         6.06851339e-01,  9.62401778e-02,  1.91664562e-01,
         1.48808584e-01, -6.66152656e-01],
       [-4.61379029e-02,  3.60516071e-01,  6.04710579e-02,
         2.74509974e-02, -7.64558136e-01, -1.31295264e-01,
        -7.34519511e-02,  1.02347538e-01],
       [-8.15849155e-02, -3.06992799e-01,  7.61252791e-02,
         4.78253188e-03,  2.09501117e-01,  4.59035635e-02,
        -4.76565026e-02, -6.50548339e-02],
       [ 8.52137581e-02,  7.47014806e-02, -2.24577449e-02,
        -3.75876501e-02, -4.28191006e-01, -4.11420055e-02,
        -9.16253962e-03, -7.23365974e-03],
       [ 5.89218974e-01, -2.20076665e-02,  1.50453806e-01,
        -3.99266750e-01,  7.59632792e-03,  2.65255630e-01,
         2.43510813e-01,  2.24038050e-01],
       [ 1.56557769e-01,  3.98081262e-03, -5.58731019e-01,
         1.79023504e-01,  5.88962063e-02,  1.07252434e-01,
         7.42243409e-01,  2.26480197e-02],
       [-3.38424668e-02,  3.76093030e-01,  2.54135188e-02,
        -7.81326592e-02,  3.54713090e-02,  1.25892115e+00,
         2.74226312e-02, -8.34367633e-01],
       [-6.79508522e-02,  4.69083071e-01,  1.65490583e-01,
         9.03447811e-03, -6.78225219e-01, -6.54371781e-03,
        -1.11138672e-01,  5.97000644e-02],
       [-1.63183827e-02, -7.48586595e-01, -2.18458232e-02,
        -4.47126515e-02,  6.70074224e-01, -2.47659564e-01,
         2.36937925e-02, -9.03490465e-03],
       [ 3.19653712e-02,  1.56081766e-01,  1.87456589e-02,
        -2.78979409e-02, -3.10924202e-01, -5.48419915e-02,
         1.00592133e-02,  2.05037836e-02],
       [ 8.80887866e-01, -5.19800901e-01,  1.21803023e-01,
        -5.40702581e-01, -1.03864431e-01,  7.13696182e-02,
        -7.31590986e-02,  2.64673322e-01],
       [ 7.93770254e-02, -9.79798883e-02, -1.33204937e+00,
         4.62974682e-02, -6.70721903e-02, -8.58781785e-02,
         8.83195996e-01,  9.31919888e-02],
       [ 8.53650123e-02,  2.91702121e-01,  1.35315964e-02,
        -1.62281364e-01, -5.78644760e-02,  1.10750508e+00,
        -4.77074832e-03, -6.41323030e-01],
       [-2.84664333e-02,  1.50163755e-01,  2.33992264e-02,
        -9.11731971e-04, -5.17195642e-01, -5.57958744e-02,
        -1.00140810e-01, -8.72278935e-04],
       [-9.54172090e-02, -4.68465686e-01, -1.08981572e-01,
         2.17426918e-03,  4.98022377e-01,  5.49249724e-02,
         6.41170070e-02, -6.98839277e-02],
       [ 5.69864511e-02, -4.08474281e-02,  2.31069308e-02,
        -9.93629359e-03, -3.04482281e-01, -1.86996385e-02,
         4.82414104e-03, -8.52466282e-03],
       [ 2.70626187e-01, -1.13962245e+00,  1.11387432e-01,
        -4.80206341e-01,  1.10100532e+00, -1.52901217e-01,
         2.01636910e-01,  1.34736642e-01],
       [-6.50264993e-02, -6.98334491e-03, -1.65118590e-01,
         1.28785908e-01, -1.14668235e-01, -4.82760482e-02,
        -1.50329307e-01, -7.07499683e-02],
       [ 1.69041798e-01,  9.01035741e-02,  7.18342699e-03,
        -6.43218338e-01,  4.85061333e-02,  1.10792279e+00,
        -5.83988354e-02, -1.60649285e-01],
       [ 2.29833331e-02, -2.21030548e-01,  2.64648534e-02,
        -3.75117548e-02,  9.39764008e-02, -2.58824769e-02,
        -3.17842029e-02, -6.36649877e-02],
       [ 3.41585353e-02, -4.09972202e-03,  1.30984440e-01,
         1.94363995e-03,  7.61633217e-02,  4.61400263e-02,
        -1.56847276e-02,  1.32835545e-02],
       [ 6.48740083e-02, -1.62920043e-01,  3.94042535e-03,
        -1.05951708e-02,  5.14175091e-03, -3.49084884e-02,
        -8.32874142e-03, -4.04209048e-02],
       [-7.14593112e-01,  3.60604346e-01,  4.64521199e-01,
         3.17828268e-01,  1.19514740e+00,  3.63042653e-01,
         2.67573804e-01,  4.89907041e-02],
       [ 8.84345844e-02, -2.56025225e-01,  5.05798340e-01,
        -1.71855852e-01, -1.78532545e-02,  2.14156538e-01,
        -7.81413913e-01,  3.58503759e-02],
       [ 1.80754244e-01,  1.99542344e-02, -8.93386677e-02,
        -1.23561203e+00,  1.11884646e-01,  1.15578055e+00,
        -1.48807317e-01,  3.68581921e-01],
       [ 5.18830400e-03,  4.37529758e-02, -1.37004070e-02,
        -2.27635670e-02, -7.98420087e-02, -2.30245828e-03,
        -1.26430215e-02,  3.87303787e-03],
       [-2.58452278e-02, -1.35930970e-01, -2.45810319e-02,
         1.05639081e-02,  3.93062569e-02, -4.53851670e-02,
        -1.45023065e-02,  2.53825709e-02],
       [ 2.54398957e-02, -1.32198319e-01,  8.17173906e-03,
         2.29350515e-02,  4.36087810e-02, -5.53801237e-03,
        -5.60262706e-03, -4.13736850e-02]], dtype=float32), array([-0.18447752,  0.86243194, -0.12730765, -0.2938094 , -0.23164815,
       -0.10953403, -0.05801463,  0.01483511], dtype=float32), array([[ 1.0444797 , -0.6079837 , -1.6081992 , -2.3987277 ],
       [ 0.35368267, -0.6003003 , -1.3624108 ,  0.77214915],
       [-0.38521877,  1.6346506 , -0.5886268 , -1.1818538 ],
       [ 0.08674922, -0.90762043,  1.4843454 , -2.9972684 ],
       [ 1.185454  , -0.8480572 , -0.81338745,  1.3674552 ],
       [-0.8167441 , -0.6389333 ,  1.197446  , -2.1181953 ],
       [-0.854959  ,  1.6596084 , -0.37565207, -1.9105446 ],
       [-0.35211277, -0.6628511 ,  1.7340283 , -2.3915105 ]],
      dtype=float32), array([-1.0663035 ,  0.29986888, -0.73775184,  1.5658637 ], dtype=float32)]